1
10
6540042508
960 330
452 995
81 514
581 568
698 18
155 886
642 677
566 431
998 24
573 516
45 4 31 41 24 21 36 8 29 6 
46 9 18 44 14 35 27 32 16 45 
31 2 2 10 44 33 26 20 33 45 
43 28 49 26 20 26 0 6 34 29 
14 33 40 34 27 4 19 4 37 35 
49 20 39 3 30 33 36 9 3 22 
4 49 0 5 27 22 31 27 30 18 
8 44 1 49 29 28 5 0 32 44 
36 33 14 27 38 45 11 24 4 16 
48 10 17 49 15 47 21 49 24 4 
10
7588498102
68 186
300 817
355 95
108 195
449 81
980 127
96 861
227 381
404 193
470 526
8 45 5 7 13 41 38 13 32 20 
45 18 38 12 19 36 17 16 44 0 
18 23 30 29 20 13 6 13 18 34 
33 26 29 38 35 44 29 24 7 12 
44 2 32 35 16 3 21 35 20 17 
36 38 41 18 17 13 32 26 26 2 
12 12 28 44 2 16 38 32 40 48 
46 36 0 30 23 19 34 46 4 4 
14 42 44 7 13 13 20 47 39 48 
49 4 10 29 48 13 45 36 47 35 
10
4547576142
810 17
661 905
920 319
889 75
266 967
766 789
352 770
368 47
593 467
566 857
30 41 11 4 30 38 4 38 2 0 
1 19 10 8 31 29 28 8 20 47 
24 9 15 47 13 12 15 30 5 24 
46 36 18 9 42 48 0 46 37 2 
46 40 21 8 0 4 37 30 12 9 
27 39 21 42 38 34 6 5 15 12 
30 13 48 48 25 42 46 25 39 35 
29 37 27 0 46 27 7 35 9 21 
45 36 12 16 30 0 2 37 6 19 
1 36 33 1 36 10 43 34 35 32 
10
0429687558
452 197
861 25
107 970
923 362
918 444
495 542
627 606
642 398
692 437
874 526
26 48 40 48 48 9 18 27 34 26 
15 33 28 42 45 49 0 7 24 46 
27 16 44 33 46 42 27 35 36 5 
10 13 4 0 11 4 9 32 33 46 
8 0 29 36 43 24 37 45 33 11 
43 10 30 39 45 26 34 24 11 20 
30 23 33 36 26 47 42 37 29 25 
33 37 27 15 25 22 41 13 17 25 
26 13 37 6 2 33 32 36 9 46 
7 39 21 42 27 47 39 19 35 18 
10
6074536786
374 904
41 629
233 531
415 976
736 622
231 213
985 225
5 323
613 282
469 924
31 21 42 39 45 29 24 43 6 22 
9 10 48 40 4 29 26 30 47 48 
16 10 29 44 47 4 49 32 17 25 
1 1 46 45 42 43 25 18 37 33 
42 48 46 40 39 0 22 15 30 19 
15 49 31 46 45 29 0 44 13 20 
19 16 21 18 12 15 11 37 33 0 
20 25 49 16 15 38 18 39 5 1 
10 20 0 42 16 45 23 16 41 36 
38 12 2 9 30 16 24 42 3 9 
10
2643421318
802 64
966 858
924 346
271 913
354 843
631 209
613 718
749 693
69 880
433 593
29 37 11 15 31 6 17 14 21 11 
3 37 15 11 3 11 38 18 34 33 
24 43 16 42 6 9 41 36 31 34 
22 10 24 33 27 5 41 45 19 12 
8 22 49 23 36 4 34 26 22 20 
9 46 13 25 41 19 37 32 8 20 
19 30 32 43 15 9 0 7 6 19 
19 14 44 19 37 32 25 23 8 48 
43 17 46 6 44 37 28 33 22 38 
3 43 20 35 36 35 47 38 42 3 
10
7483555095
822 910
457 812
609 431
711 596
368 94
898 699
569 461
799 435
432 106
849 37
36 47 15 4 0 0 11 38 10 40 
33 21 15 48 30 46 9 26 9 3 
45 10 1 8 31 39 8 37 21 47 
38 9 44 3 13 47 3 25 37 16 
17 20 37 32 20 17 30 29 45 39 
33 42 1 34 1 32 25 11 20 47 
8 8 6 5 14 22 2 19 49 39 
35 16 11 24 49 32 43 31 11 39 
23 44 31 24 31 34 7 6 45 29 
5 6 39 14 11 3 36 13 23 35 
10
4015527861
9 769
553 807
740 133
442 287
883 349
254 271
213 639
702 318
6 116
241 615
43 19 2 47 36 39 49 36 17 35 
47 39 46 4 42 32 45 29 24 44 
14 48 0 5 11 21 7 29 29 24 
23 23 43 27 20 32 16 19 18 35 
7 15 24 5 21 16 37 18 48 12 
14 12 12 15 18 25 38 25 6 17 
0 29 40 45 6 12 29 22 34 47 
8 41 14 34 46 36 3 36 4 1 
48 19 15 12 36 33 39 26 11 45 
43 13 27 36 10 33 48 40 8 32 
10
8430518513
259 966
45 371
969 816
617 261
593 773
47 482
179 60
180 183
650 388
550 659
0 27 34 3 38 12 6 28 29 28 
24 46 37 45 41 5 16 4 22 39 
47 7 38 9 36 23 40 25 25 1 
25 26 29 12 31 19 24 38 49 3 
16 23 1 5 18 42 10 34 46 33 
25 46 42 15 5 28 39 47 3 14 
49 31 40 30 43 22 1 19 10 0 
24 26 24 26 31 44 20 41 29 17 
26 6 13 20 22 20 49 11 18 4 
25 17 35 18 49 30 42 0 1 2 
10
0806631662
585 595
608 658
330 755
754 831
499 643
871 161
48 268
467 439
31 731
782 167
35 19 10 15 46 16 30 19 45 36 
21 40 23 31 49 29 12 32 35 7 
31 48 28 1 47 17 18 28 0 35 
10 35 6 23 2 4 41 34 23 36 
23 46 27 46 28 28 27 42 10 13 
49 43 11 30 44 10 47 12 38 0 
49 1 37 7 24 42 12 17 26 35 
6 49 32 33 48 12 13 25 4 25 
40 5 20 4 35 14 14 35 28 3 
37 29 6 24 36 32 16 48 49 45 
