100
5 12
1 9
0.3 0.6 0.7 0.7 0.4 0.8 0.6 0.1 1.0 0.9 0.1 0.9
0.7 0.2 0.2 0.5 0.8 0.6 0.4 0.1 0.5 0.8 0.5 0.0
0.6 1.0 0.9 0.6 0.4 0.6 0.9 0.6 1.0 0.1 0.9 0.0
0.0 0.5 0.5 0.8 0.9 0.9 0.1 0.1 0.2 0.4 0.1 0.5
0.0 0.3 0.5 0.2 0.2 1.0 0.6 0.7 0.5 0.6 0.8 0.9
5 17
7 3 5 7 10 11 13 14
0.0 0.3 0.7 0.9 0.7 1.0 0.7 0.3 0.3 0.8 0.1 0.3 0.4 0.8 0.9 0.1 0.0
0.4 0.3 0.9 0.9 0.7 0.3 0.2 0.2 0.6 0.0 0.0 0.0 0.9 0.5 1.0 0.0 0.9
0.8 0.3 0.2 0.1 1.0 0.4 0.0 0.0 0.4 0.3 0.6 0.3 0.9 0.1 0.0 0.8 0.7
0.7 0.6 0.1 0.7 0.8 0.0 0.5 1.0 0.6 0.9 0.7 0.7 0.5 1.0 0.2 0.0 0.6
0.5 0.3 0.4 0.2 1.0 0.0 0.8 0.0 0.1 0.4 1.0 1.0 0.1 0.2 0.7 0.9 0.2
3 14
6 2 4 5 8 10 12
0.8 0.2 0.0 0.6 0.3 1.0 1.0 0.2 0.8 0.9 0.9 1.0 1.0 0.7
0.8 0.6 0.5 0.4 0.6 0.6 0.1 0.4 0.8 0.9 0.4 0.1 0.7 0.2
0.0 0.1 0.7 0.3 0.0 0.8 0.3 0.0 0.9 0.1 0.2 0.7 1.0 0.9
4 19
4 12 15 16 18
1.0 1.0 0.3 0.1 0.1 0.0 0.4 0.8 0.6 0.3 0.9 0.8 0.9 0.4 1.0 0.1 0.1 0.2 0.5
0.5 0.6 0.9 0.2 0.5 0.4 0.9 0.0 0.3 0.8 0.4 0.7 0.2 0.1 0.6 0.1 0.1 0.2 0.8
0.2 0.7 0.8 0.5 0.7 0.6 0.4 0.3 1.0 0.3 0.4 0.9 0.2 0.6 0.5 0.3 0.1 0.3 0.4
0.3 1.0 0.4 0.1 0.5 0.2 0.0 0.5 0.9 0.3 0.8 0.5 0.6 1.0 0.4 0.8 0.6 0.9 0.1
3 28
15 2 3 6 12 14 15 16 17 18 22 23 24 25 26 27
0.2 0.3 0.7 0.3 0.5 0.2 0.3 0.1 0.9 1.0 0.9 0.4 0.3 0.1 0.7 0.8 1.0 0.3 0.6 0.2 0.9 0.4 0.5 0.1 0.8 1.0 0.2 0.9
0.1 0.0 0.9 0.2 0.5 0.6 1.0 0.8 0.8 0.8 0.0 0.0 0.3 0.9 0.5 0.8 0.4 0.9 0.9 0.1 0.2 0.0 0.1 0.8 1.0 0.7 0.7 0.4
1.0 0.8 0.3 1.0 0.5 0.1 0.2 1.0 0.0 1.0 0.0 0.3 0.4 0.5 0.2 0.8 0.3 0.2 0.1 0.0 0.0 0.7 0.4 0.0 0.6 0.3 0.2 1.0
5 20
18 2 3 4 5 6 7 8 9 10 11 12 13 14 15 16 17 18 19
0.0 0.8 0.8 0.1 0.2 0.2 1.0 0.8 0.3 0.2 0.5 0.3 1.0 0.0 0.3 1.0 0.4 0.8 0.7 0.4
0.9 0.4 0.1 1.0 0.4 0.8 0.3 0.0 0.1 0.0 0.4 0.5 0.6 0.5 0.3 0.4 1.0 0.5 0.5 0.7
0.4 0.9 0.0 0.4 0.9 0.1 0.6 0.0 0.6 0.3 0.2 0.5 1.0 0.5 0.2 0.3 0.4 0.8 1.0 0.6
0.0 0.2 0.1 0.9 0.3 0.6 0.3 0.7 0.3 0.7 0.7 0.3 0.3 0.8 0.7 0.5 0.0 0.9 1.0 0.2
0.5 0.9 0.2 0.5 0.7 0.7 0.1 0.3 0.4 0.1 0.0 0.5 0.8 0.4 0.8 0.1 0.5 0.0 0.6 0.7
3 12
6 2 3 4 5 8 11
0.5 0.1 0.8 0.6 0.3 0.5 0.9 0.1 0.1 0.7 0.5 0.6
0.3 0.5 0.6 1.0 0.1 0.5 0.5 0.1 0.0 0.1 0.8 0.7
0.9 0.3 0.5 0.1 1.0 0.0 0.1 0.9 0.5 0.5 0.4 0.0
5 28
22 3 4 5 6 7 8 9 11 12 13 15 16 17 18 19 20 21 23 24 25 26 27
0.5 0.1 0.8 0.6 0.7 0.3 0.2 0.3 0.8 0.2 0.5 0.2 1.0 0.4 0.2 0.8 0.7 0.6 0.0 0.8 0.3 0.2 1.0 0.5 0.6 0.8 0.3 0.8
0.2 0.1 0.1 0.3 0.9 0.2 0.3 0.1 0.2 0.1 0.5 0.9 0.8 1.0 0.6 0.4 0.8 0.0 0.1 0.5 0.8 0.1 0.3 0.6 1.0 0.4 0.8 0.1
0.6 0.7 0.3 0.6 0.5 0.2 0.5 0.5 0.8 0.4 0.8 0.9 0.7 0.0 0.0 1.0 0.4 0.0 0.1 0.8 0.5 0.8 0.6 0.8 1.0 0.4 0.0 0.7
0.4 0.5 0.8 0.4 0.2 0.7 0.9 0.5 0.8 0.2 0.5 0.6 0.5 0.9 0.5 0.0 0.0 0.3 0.3 0.3 0.8 0.6 0.6 0.9 0.9 0.0 1.0 1.0
0.4 0.8 0.5 0.8 0.7 0.0 0.1 0.1 0.8 0.9 0.6 0.9 0.2 0.5 0.6 0.5 1.0 0.8 0.0 0.8 0.6 0.0 1.0 0.0 0.4 1.0 0.2 0.0
3 23
21 2 3 4 5 6 7 8 9 10 11 12 13 14 15 16 17 18 19 20 21 22
0.1 0.0 0.8 1.0 0.6 1.0 0.2 0.4 0.7 0.2 0.9 0.2 0.6 1.0 0.4 0.6 0.7 0.3 0.3 0.3 0.2 0.8 0.9
0.3 0.3 0.0 0.8 0.4 0.1 0.9 1.0 0.0 0.9 0.1 0.3 1.0 0.6 0.9 0.8 0.9 0.9 0.0 0.2 0.4 0.0 0.1
0.8 0.3 1.0 0.7 0.5 0.3 0.2 0.8 0.6 0.9 0.7 0.3 0.2 0.1 0.0 0.2 0.5 0.5 0.6 0.1 0.9 0.0 0.8
5 30
2 24 27
0.0 0.2 0.6 0.6 1.0 0.9 0.4 0.0 0.6 0.1 0.7 0.1 0.1 0.5 0.6 0.0 0.9 0.8 0.7 0.7 0.9 0.5 0.7 0.5 0.8 0.5 0.7 0.6 0.6 0.5
0.1 0.0 0.6 0.2 0.5 0.2 1.0 0.5 0.8 0.7 0.1 0.6 0.4 0.9 1.0 0.9 0.6 0.7 0.8 0.9 0.1 0.5 0.6 0.7 0.5 0.3 0.9 0.4 0.7 0.5
0.4 0.5 0.5 0.0 0.0 0.0 0.8 0.4 0.4 0.4 0.6 0.9 0.7 0.8 0.7 0.4 0.0 1.0 0.9 0.8 0.8 0.3 0.9 0.4 0.6 0.2 1.0 0.4 0.7 0.3
0.4 0.1 0.0 0.2 0.9 0.5 0.7 0.1 0.3 0.0 0.3 0.3 0.6 0.9 0.1 0.1 0.4 0.7 0.3 0.9 0.8 0.4 0.0 0.3 0.7 0.9 0.2 0.1 1.0 0.0
0.3 0.2 0.9 0.8 0.3 0.6 0.8 0.2 1.0 0.2 0.2 1.0 0.8 0.3 0.9 0.8 1.0 1.0 0.8 0.6 0.9 0.4 0.4 0.8 0.0 0.1 0.7 0.8 0.8 0.0
3 27
21 2 3 4 6 8 9 10 11 13 14 15 17 18 19 20 21 22 23 24 25 26
0.4 1.0 0.5 0.2 1.0 0.2 0.7 0.5 0.9 0.8 0.0 0.1 1.0 0.3 0.5 0.7 0.9 0.8 1.0 0.4 0.6 0.6 0.1 0.7 0.6 0.1 0.5
0.0 0.2 0.3 1.0 0.4 0.2 0.7 0.0 0.6 0.6 0.9 0.0 0.4 0.0 0.9 0.7 0.5 1.0 0.6 0.9 0.4 0.6 0.2 0.3 0.1 1.0 0.5
0.4 1.0 0.2 1.0 0.0 0.0 0.4 0.0 1.0 0.8 1.0 0.5 1.0 0.3 0.1 1.0 1.0 0.5 0.4 0.6 0.4 0.1 0.6 0.2 0.3 1.0 0.7
4 15
9 2 5 6 7 8 9 11 13 14
0.3 0.4 0.5 0.4 0.8 0.5 1.0 0.3 0.3 0.4 0.3 0.1 0.9 0.1 0.0
0.4 0.4 0.0 0.9 0.7 0.4 0.0 0.3 0.8 0.0 1.0 0.3 0.7 0.2 0.2
0.3 0.2 0.3 0.7 1.0 0.9 0.5 0.9 0.1 0.9 0.2 0.7 0.1 0.2 0.7
0.1 0.5 0.7 0.1 0.8 0.1 0.1 1.0 0.0 0.0 0.8 0.5 0.0 1.0 0.6
2 24
2 4 19
0.5 0.9 0.9 0.8 0.2 0.2 0.3 0.3 0.3 0.3 0.5 0.1 1.0 0.0 0.4 0.0 0.9 0.9 0.0 0.1 0.5 0.5 0.3 0.4
0.9 0.0 1.0 0.5 0.7 0.7 0.8 0.4 0.5 0.2 0.8 0.2 0.6 0.6 0.1 0.0 0.2 0.7 0.1 0.6 0.5 0.1 0.0 0.5
3 29
0
0.3 0.9 0.1 1.0 0.3 0.1 0.6 0.0 0.9 0.3 0.0 0.6 0.8 0.9 0.5 1.0 0.3 0.4 0.6 0.7 0.2 0.1 0.4 0.5 0.5 0.2 0.8 0.8 0.7
0.9 0.6 0.7 0.9 0.1 0.4 0.9 0.2 0.6 0.9 0.1 0.2 0.9 0.7 0.9 1.0 0.9 0.0 0.8 0.3 0.8 0.1 0.6 0.8 0.9 0.9 0.0 0.2 0.8
0.3 0.7 0.9 0.8 0.1 0.8 0.1 1.0 0.8 0.0 0.8 0.0 0.1 0.6 0.3 0.4 0.1 0.2 1.0 1.0 0.5 0.0 0.5 1.0 0.8 0.8 0.7 0.0 0.9
3 22
9 4 5 6 8 11 14 17 19 21
0.7 0.7 0.2 0.1 0.8 0.1 0.9 0.7 0.3 0.0 0.6 0.5 0.9 0.9 0.4 0.5 0.0 0.6 0.5 0.3 0.2 0.1
0.9 0.2 1.0 0.8 0.6 0.9 0.4 0.5 0.8 0.4 0.3 0.4 1.0 0.4 0.0 0.5 0.9 0.1 0.9 0.2 0.7 0.6
0.6 0.4 1.0 0.5 0.5 0.2 0.9 0.7 0.6 0.2 0.7 0.4 0.2 0.0 0.4 0.9 0.6 0.6 0.3 1.0 1.0 0.7
4 20
6 2 6 11 15 16 18
0.0 0.4 0.0 0.5 0.2 0.7 1.0 0.4 0.4 0.3 0.1 0.3 0.8 0.3 0.5 0.6 0.1 0.6 0.4 0.9
0.9 0.5 0.3 0.4 0.0 0.6 0.3 1.0 0.2 0.3 0.3 0.6 0.3 0.9 0.5 0.2 0.1 0.8 0.2 0.9
0.5 0.3 0.9 0.4 0.2 0.4 0.3 0.3 0.5 0.0 0.2 0.2 0.0 0.7 0.7 0.1 1.0 0.7 1.0 0.4
0.1 0.6 0.5 0.7 0.5 0.8 0.0 0.3 1.0 0.3 0.4 0.1 0.6 0.7 0.6 0.9 0.7 0.7 0.8 0.5
4 21
2 12 14
0.1 0.5 0.8 0.3 0.4 0.8 0.0 0.5 0.1 0.8 0.4 0.0 0.2 0.8 0.5 0.6 0.9 0.3 0.7 0.0 0.6
0.0 0.4 0.8 0.0 0.4 1.0 0.0 0.9 0.8 0.0 1.0 0.9 0.5 0.0 0.1 0.2 0.6 0.6 0.7 0.2 0.6
0.0 1.0 0.8 0.7 0.7 0.0 0.4 0.0 0.1 0.6 0.6 0.6 0.2 0.2 0.2 0.6 0.6 1.0 0.8 0.5 0.8
0.8 1.0 0.0 0.2 0.1 0.0 0.6 0.4 0.3 0.8 0.7 0.3 0.7 0.9 0.6 1.0 0.6 0.4 0.0 0.1 0.7
3 16
3 2 10 11
0.7 0.4 0.3 0.5 0.3 0.7 0.6 0.4 0.3 0.6 0.0 0.5 0.4 1.0 0.7 0.7
1.0 0.1 1.0 0.0 0.2 0.6 0.5 0.5 0.8 0.2 0.2 0.5 0.0 0.0 0.3 0.3
0.6 0.6 1.0 0.2 0.1 0.7 0.2 0.8 0.7 0.9 0.5 1.0 0.1 0.5 0.5 0.6
5 14
4 7 10 11 12
0.0 0.4 1.0 0.3 1.0 0.8 0.0 1.0 0.1 1.0 0.5 0.7 0.1 0.3
0.6 0.0 0.4 0.9 0.0 0.3 0.0 0.2 0.6 0.5 0.8 0.4 0.8 0.1
0.7 0.2 0.9 0.5 0.3 0.1 0.1 0.8 0.2 0.7 0.8 0.6 0.1 0.1
0.5 0.5 0.5 0.8 0.4 0.9 0.9 0.4 1.0 0.0 0.6 0.8 0.5 0.3
0.3 0.3 0.2 0.6 0.2 0.6 0.0 1.0 0.9 0.6 0.6 0.2 0.7 0.1
4 9
3 3 6 8
0.5 0.2 0.9 0.5 0.7 0.2 0.7 0.0 1.0
0.0 0.5 0.6 1.0 0.0 0.7 0.2 0.2 0.0
1.0 0.6 1.0 0.5 0.4 0.1 0.3 0.3 0.3
0.2 0.8 1.0 0.5 0.9 0.5 0.1 0.6 0.0
3 11
5 3 5 8 9 10
0.4 0.7 0.6 0.0 0.3 0.8 0.1 0.7 0.0 0.2 0.1
0.6 0.3 0.4 0.7 1.0 0.3 0.6 0.1 0.4 0.3 0.4
0.2 0.8 0.8 0.4 0.6 0.5 0.0 0.3 0.6 0.5 0.3
5 7
2 2 4
1.0 0.3 1.0 0.4 0.0 0.8 0.2
1.0 0.2 0.7 0.8 0.4 0.1 0.0
0.4 0.8 0.6 0.6 0.3 0.3 1.0
0.8 0.8 0.9 1.0 0.0 0.9 0.9
0.5 0.8 1.0 0.8 0.9 0.2 0.6
2 18
11 3 4 5 6 7 10 11 13 14 15 17
0.7 1.0 1.0 0.6 0.2 0.3 0.1 0.1 0.9 1.0 0.7 0.2 1.0 0.7 0.5 0.1 0.5 1.0
0.3 0.8 0.5 0.0 0.6 0.6 0.9 1.0 0.2 0.5 0.9 0.1 0.3 0.9 0.1 0.3 0.8 1.0
5 6
0
0.8 0.9 1.0 0.5 0.9 0.4
0.7 0.5 0.1 0.9 0.9 0.2
0.1 0.7 0.0 1.0 0.5 0.9
0.1 1.0 0.4 0.4 0.2 0.8
0.3 1.0 0.5 0.5 0.6 0.2
2 17
8 3 4 8 9 10 12 13 15
0.1 0.9 0.9 0.7 0.9 0.3 0.3 0.8 0.8 1.0 0.3 0.5 0.7 0.6 0.1 0.9 0.2
0.1 0.6 0.6 0.2 0.9 0.3 0.0 0.1 0.6 0.4 0.2 0.8 0.6 0.8 0.9 0.8 0.7
4 8
1 6
0.1 0.2 0.8 0.2 0.1 0.4 0.4 0.7
1.0 1.0 0.1 0.6 0.5 0.3 0.9 0.8
0.5 0.5 0.4 0.5 0.1 0.3 0.0 0.8
1.0 0.0 1.0 0.5 0.3 0.7 0.2 0.9
5 24
6 2 12 13 16 20 23
0.9 0.6 0.1 0.2 0.5 0.7 0.0 0.6 0.9 0.5 0.4 0.2 0.1 0.6 0.5 1.0 0.4 1.0 0.7 0.0 0.8 0.5 0.3 0.7
0.0 1.0 1.0 0.4 0.4 0.9 0.1 0.9 0.0 1.0 0.3 0.8 0.2 0.5 0.3 0.6 0.6 1.0 0.1 0.7 0.0 0.7 0.9 1.0
0.0 0.5 0.2 0.2 0.6 0.2 0.3 0.4 0.2 0.6 0.8 0.5 0.8 0.6 0.1 0.1 0.6 0.4 0.6 0.1 0.6 0.0 0.4 0.1
0.2 0.9 0.0 0.6 0.8 0.5 0.3 0.6 0.7 0.8 0.0 0.7 0.0 1.0 0.2 0.2 0.9 0.3 0.0 0.4 1.0 0.1 0.0 0.9
0.8 1.0 0.9 0.7 0.9 0.1 0.2 0.1 0.1 0.6 0.4 0.9 0.6 0.1 0.1 0.9 0.0 1.0 0.4 0.8 0.2 0.3 0.2 0.3
4 30
4 2 9 10 14
0.0 0.3 0.4 0.2 0.3 0.0 0.3 0.9 0.5 0.5 0.1 0.0 0.2 0.6 0.1 0.4 0.9 0.0 0.7 0.4 0.6 0.7 0.2 0.9 0.8 0.4 0.8 0.9 0.8 0.8
1.0 0.0 0.3 0.1 0.3 1.0 0.7 0.3 0.2 0.3 0.3 0.9 0.0 0.0 0.0 0.3 0.6 0.4 0.3 0.1 0.8 0.5 0.7 0.9 0.6 0.1 0.1 0.5 0.5 0.2
0.2 0.7 0.2 0.3 0.2 0.5 0.7 0.8 0.0 0.0 0.6 0.7 0.2 0.4 0.8 0.0 1.0 0.3 0.0 0.0 0.0 0.7 0.0 0.4 0.4 0.3 0.2 0.4 0.8 0.5
0.9 0.2 0.9 0.2 1.0 0.6 0.2 0.9 0.0 0.1 0.8 0.0 0.9 0.9 0.1 0.6 0.9 0.6 0.4 0.1 0.5 0.1 0.7 0.8 0.1 1.0 0.9 0.7 0.0 0.5
3 17
1 13
0.8 0.3 0.8 0.6 0.7 1.0 0.7 0.6 0.1 0.0 0.7 0.1 0.3 1.0 0.8 0.7 0.0
0.4 0.8 0.7 0.8 0.5 0.1 0.0 0.8 0.9 0.7 0.5 0.6 0.9 0.6 0.8 0.8 0.0
0.1 0.8 0.7 0.1 0.7 0.7 0.8 0.5 0.8 0.4 0.7 0.4 0.0 1.0 0.6 0.4 0.5
2 23
6 3 8 11 16 18 20
0.6 0.5 0.3 1.0 0.3 0.1 0.2 0.3 0.8 0.0 0.2 0.4 0.6 0.0 0.9 0.2 0.7 0.3 0.0 0.9 0.4 0.0 0.3
0.6 0.4 0.5 0.9 0.8 0.2 0.2 1.0 0.9 0.9 0.5 0.3 0.5 0.6 0.9 0.3 0.5 0.5 0.7 0.2 0.9 0.0 0.0
2 2
1
0.2 0.8
0.9 0.4
5 9
6 3 4 5 6 7 8
1.0 0.8 0.0 0.0 0.1 0.6 0.7 0.5 0.2
0.3 1.0 0.7 0.3 0.7 0.8 0.9 1.0 0.8
0.9 0.1 0.3 0.5 0.0 0.9 0.0 0.7 1.0
0.5 0.6 1.0 0.7 0.7 0.0 0.0 0.7 0.2
0.0 0.8 1.0 0.7 0.0 0.3 0.7 0.3 0.2
4 12
2 4 7
0.0 0.8 0.1 0.6 0.4 0.8 0.1 0.1 0.9 0.0 0.0 0.1
0.1 0.5 0.4 0.0 0.7 0.6 0.5 0.6 0.8 0.5 0.3 0.6
0.4 0.5 0.6 0.6 1.0 0.4 0.6 0.9 0.7 0.1 0.4 0.1
0.4 1.0 0.4 0.1 1.0 0.5 0.1 0.0 0.6 0.2 0.4 0.5
2 7
1 3
0.5 0.2 0.7 0.2 0.7 0.1 0.3
0.6 1.0 0.6 0.5 0.5 0.1 1.0
2 14
1 12
0.9 0.0 1.0 0.3 0.4 0.0 0.9 0.7 0.9 0.7 0.1 0.6 0.6 0.5
0.8 0.8 0.2 0.7 0.6 0.8 0.5 0.1 0.7 0.3 0.2 0.6 0.4 0.3
3 30
11 4 5 7 9 14 15 16 17 19 22 23
0.9 1.0 1.0 0.8 0.9 0.6 0.2 0.3 0.0 0.6 1.0 0.4 1.0 0.8 0.9 0.7 0.1 0.8 1.0 0.1 0.4 0.9 0.5 0.9 0.5 0.8 0.5 0.2 0.1 0.6
0.3 0.0 0.4 0.5 0.5 0.2 0.2 0.6 0.0 0.8 0.7 0.6 0.6 0.1 0.8 0.1 0.9 0.2 1.0 1.0 0.3 0.0 0.9 0.3 0.5 1.0 0.3 0.7 1.0 0.8
0.1 0.0 0.4 0.6 0.1 0.0 1.0 0.1 0.0 0.1 1.0 0.0 0.4 0.7 0.1 0.8 0.2 0.2 0.0 0.6 0.2 0.2 0.9 0.3 0.1 0.0 0.4 0.0 0.7 0.8
4 19
1 10
0.6 0.0 0.4 0.6 0.2 0.6 0.2 0.2 0.8 0.7 0.6 0.2 0.0 0.2 0.1 0.3 0.5 1.0 0.8
0.6 1.0 0.0 1.0 1.0 0.9 0.8 0.0 0.1 0.1 1.0 0.5 0.2 0.3 0.5 0.3 0.1 0.2 0.5
1.0 0.7 0.8 0.0 1.0 1.0 1.0 0.9 0.9 0.6 0.8 0.4 0.5 1.0 0.4 0.7 0.7 0.1 0.3
0.0 0.9 1.0 0.4 0.5 0.3 0.5 0.9 0.2 1.0 1.0 1.0 0.4 0.5 0.1 0.0 0.6 0.2 0.9
4 22
16 2 3 4 5 6 7 8 9 12 13 14 15 18 19 20 21
0.0 0.9 0.9 0.1 0.7 1.0 0.9 0.2 0.4 0.7 1.0 0.9 0.5 0.3 0.0 0.2 0.1 0.2 0.7 0.0 0.2 0.3
0.4 0.1 0.4 0.8 0.0 1.0 0.4 0.1 0.6 0.8 0.6 0.4 0.8 0.9 0.8 0.1 1.0 0.9 0.8 1.0 0.0 0.2
0.1 0.3 0.0 0.7 1.0 0.2 0.9 1.0 0.2 0.0 0.2 0.1 0.7 0.1 0.2 0.3 0.4 0.6 0.9 0.6 0.1 0.8
0.5 0.4 0.8 0.8 0.1 1.0 0.7 0.3 0.2 1.0 0.6 0.2 0.9 0.3 0.3 0.5 1.0 1.0 0.2 0.9 0.6 0.3
5 30
18 4 5 9 10 11 12 13 17 18 20 21 22 23 24 25 27 28 29
1.0 0.1 0.3 0.3 0.5 0.7 0.0 1.0 0.8 0.0 0.8 0.8 0.1 0.7 0.0 0.4 1.0 0.2 0.6 0.0 0.2 1.0 0.5 0.0 0.4 0.9 0.6 1.0 0.9 0.2
0.0 1.0 0.1 0.5 0.6 0.9 1.0 0.1 0.1 1.0 0.3 0.8 0.9 0.3 0.4 0.3 0.6 0.0 0.4 0.8 0.2 0.0 0.0 0.7 0.2 1.0 0.5 1.0 1.0 0.8
1.0 0.0 0.7 0.9 0.9 0.5 0.8 0.6 0.8 0.2 0.8 0.6 0.1 0.6 0.9 0.4 0.8 0.7 1.0 0.9 1.0 1.0 0.9 0.0 0.6 0.2 0.0 0.6 0.8 0.8
1.0 0.5 0.0 0.8 0.5 0.1 0.3 0.5 0.6 1.0 0.8 0.1 0.6 0.2 0.3 0.1 0.2 0.1 0.6 0.2 0.6 0.2 0.6 0.7 0.3 0.6 0.4 0.7 0.1 0.2
0.9 0.4 0.9 0.2 1.0 0.5 0.8 1.0 0.2 0.7 0.9 0.0 0.0 0.6 0.2 0.8 0.3 1.0 0.7 0.3 0.4 0.9 0.2 0.3 0.2 0.9 0.7 0.2 1.0 0.3
5 8
4 2 4 5 6
0.7 0.5 0.2 0.2 0.8 1.0 0.2 0.7
0.1 0.8 0.7 0.0 0.6 0.2 0.6 0.0
0.3 0.8 0.3 0.9 0.0 0.5 0.1 0.0
1.0 0.1 0.8 0.3 0.0 0.3 1.0 0.0
0.9 0.8 0.0 0.7 0.8 0.5 0.5 0.4
5 13
5 3 4 5 10 11
0.9 0.9 0.7 0.9 0.3 0.5 0.4 0.0 0.0 0.7 0.9 1.0 0.3
0.2 0.8 0.5 0.3 0.2 0.2 0.4 0.8 0.2 0.2 0.2 0.2 0.6
0.5 0.5 0.1 0.9 0.9 0.6 0.5 0.8 0.1 0.0 0.3 0.5 0.4
0.6 0.6 0.9 0.9 0.4 0.3 0.1 0.0 0.5 1.0 0.7 0.2 0.7
0.8 0.8 0.6 0.5 0.0 0.6 0.4 0.0 0.2 0.7 0.1 0.9 0.8
4 27
12 5 6 7 8 13 14 16 17 21 23 24 25
0.5 0.5 0.1 0.0 0.9 0.7 0.9 0.3 0.9 0.5 0.0 0.4 1.0 0.1 0.5 0.7 0.1 0.4 1.0 0.0 0.1 0.3 0.9 0.7 0.8 1.0 0.4
0.9 0.7 0.0 0.3 0.8 0.2 0.8 1.0 0.2 0.2 0.2 0.7 0.3 0.2 0.1 1.0 0.0 0.7 0.5 0.4 0.7 0.5 0.0 0.9 0.9 1.0 0.9
0.0 1.0 0.0 0.9 0.5 0.8 0.5 0.0 0.0 0.2 0.1 0.1 0.4 0.5 0.4 0.4 0.9 0.9 0.0 0.2 1.0 0.2 0.1 0.9 0.3 0.4 0.7
0.1 0.0 0.7 0.7 0.1 0.3 0.6 0.9 0.6 0.0 0.3 0.6 1.0 0.6 0.0 0.5 0.4 0.2 0.1 0.4 0.3 0.2 0.5 1.0 0.9 0.8 0.2
3 30
14 2 3 4 5 10 14 15 16 18 20 21 24 25 28
0.1 0.3 0.3 0.5 0.6 1.0 1.0 0.6 0.1 0.2 0.6 0.3 0.3 0.3 0.8 0.5 0.0 0.5 0.4 0.1 0.0 0.6 0.2 0.5 0.1 0.4 0.6 0.4 0.3 0.4
0.0 0.7 0.9 0.5 0.9 0.5 0.5 0.5 0.6 0.1 0.2 1.0 0.2 0.3 0.5 0.2 0.2 1.0 0.9 0.2 0.8 0.4 0.9 0.2 0.7 0.9 0.4 0.9 0.5 0.4
0.6 0.6 0.8 0.6 0.8 0.9 1.0 0.5 0.9 0.4 0.3 0.9 1.0 0.5 0.5 0.2 0.4 1.0 0.9 0.7 0.1 0.7 0.1 0.9 0.7 0.9 0.8 1.0 0.5 0.2
5 6
5 2 3 4 5
0.1 0.6 0.2 0.9 0.4 0.3
0.9 0.1 0.7 1.0 0.2 0.0
1.0 0.2 0.8 0.7 0.7 0.6
0.4 0.6 0.2 0.4 1.0 0.6
0.9 0.4 0.3 1.0 0.7 1.0
3 16
13 2 3 4 5 7 8 9 10 11 12 13 14 15
0.9 0.3 0.9 0.0 1.0 0.2 0.2 1.0 0.7 0.7 1.0 0.2 0.9 0.5 1.0 0.8
0.1 0.1 0.3 0.0 1.0 0.1 0.0 0.4 0.5 0.4 0.3 0.5 0.4 0.5 0.9 0.2
0.8 0.0 0.8 0.1 0.9 0.4 0.3 0.7 0.7 1.0 0.6 0.6 0.6 0.9 0.4 0.5
2 14
3 6 7 9
0.4 0.1 0.3 0.4 0.0 1.0 0.0 0.6 0.2 1.0 0.5 0.3 0.9 0.2
0.8 0.5 0.8 1.0 0.7 0.4 0.3 0.3 0.1 0.2 0.2 0.6 0.1 0.0
5 20
16 2 4 5 6 7 8 9 10 11 12 13 14 15 17 18 19
0.8 0.6 0.9 0.0 0.7 0.6 0.7 0.2 0.8 0.8 0.3 0.0 0.4 0.2 0.0 0.0 0.6 0.1 0.0 0.0
0.7 1.0 0.2 0.0 0.5 0.7 0.6 0.6 1.0 0.1 1.0 0.3 0.0 0.5 0.2 0.4 0.6 0.0 0.7 0.1
0.5 0.5 0.4 0.8 0.1 0.1 0.8 0.9 1.0 0.6 0.3 0.2 0.3 0.7 0.8 1.0 0.1 0.8 0.1 0.6
0.8 0.7 0.2 0.0 0.8 0.5 0.7 0.2 0.1 0.4 0.5 0.0 0.8 0.7 0.6 0.5 0.1 1.0 0.7 0.3
0.2 0.2 0.3 0.1 1.0 0.6 0.4 0.5 0.1 0.6 0.6 0.3 0.1 0.6 0.0 0.3 0.2 0.8 0.8 0.3
2 30
22 2 3 4 6 7 8 9 12 14 15 16 18 20 21 22 23 24 25 26 27 28 29
0.8 1.0 0.2 0.2 1.0 0.0 0.6 0.0 0.2 0.7 0.5 0.2 0.7 0.9 0.3 0.3 0.7 0.9 0.2 0.7 0.9 0.0 0.8 0.0 0.3 0.8 0.8 0.3 0.0 0.8
0.9 0.0 0.5 0.5 0.3 0.7 0.6 0.5 0.4 0.5 0.5 0.7 0.4 0.9 0.8 0.9 0.6 1.0 0.6 0.8 0.4 0.7 0.5 1.0 0.0 0.1 0.0 0.7 0.2 1.0
4 22
12 4 6 7 8 9 10 13 15 17 19 20 21
0.0 0.2 0.5 0.4 0.6 1.0 0.2 0.9 0.4 0.4 0.1 0.8 0.8 0.2 0.6 0.4 0.0 0.4 1.0 0.9 0.3 0.7
0.0 0.6 0.2 0.4 0.0 0.0 0.5 0.2 0.5 0.2 0.7 0.1 0.5 0.8 0.9 0.6 0.3 0.0 0.9 0.1 1.0 0.3
0.5 0.1 0.0 0.6 0.2 0.7 0.9 0.8 0.5 0.0 0.5 0.6 0.5 1.0 0.5 0.6 1.0 0.5 0.1 0.3 0.5 0.1
0.7 0.2 0.5 0.7 0.5 0.7 0.3 1.0 0.0 0.0 0.1 0.0 0.0 0.3 0.1 0.6 0.7 0.7 0.7 1.0 0.6 0.7
3 25
4 9 10 14 23
0.8 0.0 0.6 0.9 0.2 1.0 0.6 1.0 0.8 0.5 0.1 0.8 0.2 0.5 0.1 0.8 0.2 0.3 0.7 0.6 0.0 0.7 0.9 0.7 0.3
0.4 1.0 0.2 0.5 0.0 0.0 0.7 0.4 0.5 0.4 0.6 1.0 0.1 0.0 0.3 0.9 0.2 0.0 0.8 1.0 1.0 0.1 0.6 0.0 0.0
0.6 0.1 0.3 0.0 0.2 0.6 0.5 0.7 0.4 0.4 0.1 1.0 0.3 1.0 0.1 0.6 0.6 0.6 0.6 0.3 0.1 0.1 0.9 0.3 0.4
4 16
3 5 10 11
0.0 0.1 0.9 0.7 0.8 0.6 0.9 0.7 1.0 1.0 0.9 0.6 0.8 0.6 0.4 0.8
0.7 0.8 0.6 0.2 0.9 0.6 1.0 0.6 0.0 0.8 0.1 0.6 0.3 0.7 0.2 0.2
0.9 0.4 0.6 0.7 0.2 0.4 0.1 0.2 0.9 0.7 0.5 0.4 0.6 0.6 0.7 0.3
0.0 0.4 1.0 0.8 0.1 1.0 0.0 0.6 0.0 0.2 0.0 0.0 0.3 0.6 0.7 1.0
2 9
4 3 5 6 8
0.0 0.8 0.6 0.6 0.1 0.2 0.0 0.4 0.7
0.6 0.4 0.7 1.0 0.5 0.3 0.9 0.8 0.4
5 6
2 3 5
0.0 0.3 0.6 0.7 0.8 0.8
0.9 0.2 0.3 0.4 0.5 0.4
0.5 0.7 0.9 0.2 0.9 1.0
0.4 0.6 0.0 0.1 0.2 1.0
0.6 0.4 0.8 0.6 0.8 0.1
5 28
19 5 7 10 11 12 13 14 15 16 17 18 19 21 22 23 24 25 26 27
0.6 1.0 0.7 0.2 0.0 0.1 0.8 0.1 0.5 1.0 0.5 0.6 0.3 0.1 0.2 0.0 0.2 0.7 0.1 0.9 0.1 0.9 0.4 0.4 0.9 0.7 0.7 0.8
0.2 0.3 0.6 0.3 0.6 0.8 0.5 0.2 0.1 0.3 0.0 1.0 0.1 0.4 0.5 0.3 1.0 0.3 0.2 0.1 0.8 0.3 0.2 0.8 0.4 0.4 0.1 0.0
0.5 0.3 0.4 1.0 0.2 0.6 0.6 0.7 0.6 1.0 0.1 1.0 0.2 0.4 0.7 0.4 0.9 0.9 0.7 0.6 0.7 0.6 0.2 0.4 0.8 0.8 0.2 0.4
0.7 0.4 0.6 0.2 0.7 0.8 0.9 0.9 1.0 0.4 0.8 0.7 0.7 0.8 0.2 0.0 0.9 0.7 0.3 0.4 0.7 0.8 0.6 0.4 0.1 1.0 1.0 0.9
0.2 0.6 1.0 0.3 0.7 0.1 0.5 0.8 0.3 0.0 0.2 0.2 0.2 0.6 0.3 0.1 0.4 0.2 0.6 0.6 0.5 0.2 0.3 0.7 0.9 0.6 0.4 0.3
2 16
8 3 4 6 7 9 10 11 15
0.0 0.4 0.1 1.0 0.0 0.0 0.2 0.1 0.9 0.5 0.1 1.0 0.8 0.1 0.1 0.9
0.2 0.1 0.1 0.9 0.4 0.3 0.2 0.4 0.9 0.8 0.1 0.9 0.6 0.8 0.8 0.5
5 17
2 7 14
0.3 1.0 0.6 0.5 0.6 0.8 0.1 0.5 0.7 0.0 0.7 0.6 0.5 0.9 0.0 0.1 0.7
0.5 0.3 0.5 0.9 0.7 0.3 0.2 0.9 0.2 0.2 0.7 0.0 0.4 0.2 0.0 0.4 0.0
0.1 0.4 0.1 0.7 0.5 0.4 0.8 0.3 0.4 0.6 0.3 0.6 0.4 0.3 0.7 1.0 0.8
0.1 0.0 0.7 0.3 0.5 1.0 0.2 0.5 0.4 0.2 0.5 1.0 0.1 0.4 0.6 0.4 0.5
0.0 0.4 1.0 0.0 0.7 0.2 0.5 0.1 0.8 0.4 0.0 0.3 0.1 0.4 0.3 0.5 0.4
3 15
5 2 5 9 10 14
0.9 0.1 0.5 0.2 0.3 0.9 0.0 0.5 0.0 0.8 0.7 0.4 0.7 0.9 0.6
0.7 1.0 0.5 0.0 0.0 0.6 0.4 0.9 0.3 0.8 0.3 0.8 0.1 0.5 0.2
0.3 1.0 1.0 1.0 0.6 1.0 0.0 0.1 0.1 0.9 1.0 0.5 0.5 0.0 1.0
4 11
0
0.9 0.1 0.7 0.4 0.9 0.0 0.6 0.9 0.4 1.0 0.6
0.7 0.6 0.2 0.7 0.3 0.8 0.3 0.1 1.0 0.6 0.0
0.0 0.9 0.0 0.0 0.7 1.0 0.1 0.0 0.2 0.0 1.0
0.2 1.0 0.2 0.6 0.7 0.8 0.2 0.1 0.3 0.7 0.2
2 10
2 7 9
0.8 0.4 0.6 0.5 0.5 0.0 0.6 0.2 0.9 0.0
0.7 0.4 0.4 0.8 0.6 0.2 0.0 1.0 1.0 0.7
4 25
0
1.0 0.9 1.0 0.1 0.4 0.2 0.2 0.6 0.3 0.3 0.8 0.9 0.9 0.7 0.1 0.5 0.5 0.1 0.4 0.2 0.6 0.4 1.0 0.5 0.0
0.0 1.0 0.6 0.2 0.7 0.4 0.9 1.0 0.4 0.8 0.4 0.8 0.5 0.2 0.4 0.4 0.5 0.1 0.7 0.4 0.2 0.9 0.8 0.1 0.2
0.3 0.7 0.0 1.0 0.4 0.4 0.8 0.8 0.8 0.0 0.5 0.3 0.5 0.3 0.5 0.6 0.7 0.5 0.9 0.2 0.1 0.6 0.4 0.1 0.7
0.3 0.5 0.7 0.3 0.7 0.5 0.1 1.0 0.9 0.9 1.0 0.7 0.0 0.5 0.6 0.6 0.1 0.4 0.1 0.0 0.8 1.0 0.0 0.4 0.7
2 19
1 4
0.3 0.3 0.3 0.0 0.1 0.3 0.2 0.5 0.5 0.7 0.5 0.3 0.7 0.1 0.7 0.8 0.9 0.4 0.8
0.9 0.0 0.5 0.3 0.4 0.4 0.9 0.6 0.9 0.1 0.1 0.8 0.1 1.0 1.0 0.0 0.6 0.9 0.9
5 27
14 2 3 4 5 7 10 14 15 17 18 19 20 23 24
0.0 0.4 0.6 0.5 0.0 1.0 0.8 0.1 0.9 0.3 0.4 0.2 0.9 0.1 0.3 0.9 0.2 0.5 0.4 0.9 0.3 0.1 0.1 0.7 0.8 0.8 0.9
0.8 0.5 0.4 0.4 0.1 0.7 0.8 0.4 0.7 1.0 0.5 0.0 0.1 0.0 0.3 0.6 0.0 0.3 0.7 0.1 0.7 0.3 0.9 0.9 0.5 0.4 0.9
0.1 0.1 0.7 0.8 0.0 0.4 0.4 0.5 0.9 0.4 0.7 0.7 0.6 0.6 0.0 0.6 0.5 1.0 0.5 0.9 0.7 0.1 0.1 0.1 0.0 0.0 0.8
0.8 0.0 0.8 0.8 0.8 0.0 0.9 0.3 0.9 0.1 0.8 0.5 0.8 0.6 0.0 0.1 1.0 0.7 0.9 0.1 0.5 0.7 0.3 0.2 0.6 0.5 0.5
0.1 0.5 0.3 0.3 0.5 0.0 0.4 0.9 1.0 0.3 0.0 0.4 0.0 0.4 0.2 0.8 1.0 0.7 0.7 0.3 0.3 1.0 0.4 0.9 0.6 0.3 0.8
3 16
14 2 3 4 5 6 7 8 9 10 11 12 13 14 15
0.8 0.8 0.5 0.6 0.9 0.6 0.3 0.3 0.9 0.8 0.6 0.3 1.0 0.3 0.8 0.7
0.4 1.0 0.1 0.4 0.4 1.0 0.1 0.2 0.5 0.4 0.3 0.9 0.2 0.9 0.6 0.8
0.2 0.3 0.2 0.5 0.4 0.3 0.1 1.0 0.9 0.1 0.8 0.5 0.4 0.8 0.0 0.5
3 9
6 2 4 5 6 7 8
0.4 0.4 0.8 0.7 0.3 0.1 0.4 0.1 0.1
0.1 0.3 0.5 0.8 0.2 0.3 0.9 0.4 0.7
0.9 0.5 0.2 0.5 1.0 0.2 0.2 0.5 0.1
2 17
8 3 4 7 8 9 11 13 14
0.4 0.3 0.0 0.3 0.9 0.2 0.3 0.1 0.3 0.4 0.1 0.6 0.1 0.9 0.8 0.2 0.9
0.7 0.8 0.3 0.8 0.3 0.1 0.2 0.3 1.0 0.3 0.6 0.7 0.4 0.6 0.6 0.2 0.2
3 6
3 2 4 5
0.1 1.0 0.1 0.3 0.9 0.6
0.0 0.3 0.6 0.6 0.5 0.9
0.9 0.7 0.5 0.3 0.9 0.0
2 27
20 2 3 4 5 6 7 8 11 12 13 14 15 16 17 18 20 22 23 25 26
0.3 1.0 0.6 0.5 1.0 0.2 0.7 0.1 0.9 0.6 0.2 0.2 0.6 0.9 0.6 0.8 0.0 0.4 0.9 0.9 0.6 0.6 0.1 0.2 0.1 0.3 0.4
0.7 0.5 0.0 0.1 0.1 0.8 0.8 0.9 1.0 0.8 0.6 0.5 0.4 0.4 0.6 0.0 0.3 0.1 0.6 0.4 0.5 0.7 0.5 0.5 0.1 0.7 0.2
4 17
14 2 3 4 5 6 7 9 10 11 12 13 14 15 16
0.8 0.5 0.0 0.6 0.9 0.4 0.6 0.5 0.3 0.3 0.2 0.6 0.0 0.9 0.7 1.0 0.5
0.1 0.2 1.0 0.8 0.3 0.6 0.8 0.2 0.9 0.8 0.2 0.4 0.7 0.5 0.7 0.8 0.5
0.8 0.3 0.8 0.4 0.3 0.8 0.2 0.5 0.1 0.5 0.1 0.4 0.1 0.4 0.8 0.1 0.3
0.8 0.6 0.5 0.7 1.0 0.8 0.5 0.7 0.5 0.3 0.0 0.9 0.2 0.3 0.7 0.4 0.3
5 23
4 3 9 10 22
0.6 0.2 0.7 1.0 0.7 0.1 0.7 0.1 0.1 0.4 0.6 0.9 0.0 0.8 0.1 0.8 0.6 0.3 0.7 0.1 0.4 0.2 0.3
0.9 0.6 0.7 0.3 0.7 0.5 0.0 0.2 0.0 0.5 1.0 0.3 0.7 0.0 1.0 0.7 0.8 1.0 0.7 0.8 0.5 0.5 0.1
0.1 0.8 0.7 0.6 0.5 0.4 0.4 0.3 0.5 0.7 0.6 0.2 0.1 0.2 0.3 1.0 0.7 0.6 0.9 0.8 0.8 0.4 0.5
0.5 1.0 1.0 0.1 0.2 0.6 0.9 0.9 0.8 0.9 0.1 0.2 0.0 0.2 0.5 0.8 0.7 0.1 0.7 0.1 0.5 0.7 1.0
0.2 0.0 0.7 0.8 0.6 0.4 0.2 0.7 0.9 0.0 0.7 0.2 0.8 0.2 0.6 0.1 0.6 0.1 0.0 0.0 0.9 0.1 0.2
5 18
6 5 6 7 9 13 15
0.1 0.3 0.4 0.7 1.0 0.0 0.1 0.4 0.2 0.1 0.6 0.6 1.0 0.8 0.1 0.7 0.4 0.9
0.3 0.3 0.6 0.6 0.1 0.6 0.3 0.8 0.5 0.8 1.0 0.3 0.0 0.2 0.6 0.3 0.8 0.3
0.1 0.2 0.2 0.7 0.9 0.1 0.5 0.6 0.2 0.8 0.7 0.4 0.8 1.0 0.4 0.0 1.0 0.1
0.0 0.3 0.1 0.8 0.5 0.6 0.0 0.3 0.2 0.2 0.0 0.3 0.4 0.7 0.8 0.0 0.7 1.0
0.9 0.0 0.3 0.2 0.9 0.1 0.0 0.7 0.1 0.5 0.9 0.1 0.9 0.1 0.2 0.1 0.6 0.4
5 22
13 4 6 7 8 9 10 11 13 14 16 18 19 20
0.6 0.6 0.4 0.3 1.0 0.0 0.1 0.9 0.6 0.3 0.0 0.0 0.6 1.0 0.6 0.7 0.3 0.2 0.7 0.1 0.2 0.5
0.9 0.3 0.7 0.1 0.0 0.0 0.1 0.9 0.1 0.3 0.8 0.1 0.2 0.9 0.2 0.4 0.3 0.2 0.3 0.1 0.5 0.1
0.5 0.0 1.0 0.4 0.6 0.9 0.7 0.3 0.4 0.7 0.5 0.1 0.2 0.5 0.6 0.6 0.3 0.5 0.3 0.6 0.5 0.6
0.0 1.0 1.0 0.3 0.2 0.4 0.5 0.8 0.0 0.8 0.8 0.8 0.8 0.7 0.2 0.3 0.7 0.3 0.1 0.0 0.0 0.2
1.0 0.5 0.8 1.0 0.8 0.4 0.3 0.6 0.8 0.2 0.7 0.5 0.2 0.8 0.9 0.0 0.4 0.7 0.5 0.1 0.7 0.6
4 11
4 2 3 5 9
0.4 0.7 0.1 0.3 0.2 0.8 0.0 0.1 0.4 1.0 0.3
0.6 0.2 0.9 0.5 0.4 0.6 0.2 0.5 0.1 0.9 0.2
0.0 0.4 0.4 0.8 0.9 0.8 0.7 0.5 0.2 0.8 0.8
0.3 0.0 0.4 0.5 0.3 0.4 1.0 1.0 1.0 0.8 0.8
5 25
21 2 3 4 5 6 7 8 10 11 12 13 15 16 17 18 19 20 21 22 23 24
0.9 0.3 0.5 0.4 0.5 0.2 0.9 0.9 0.5 0.5 0.5 0.0 0.4 0.8 0.2 0.3 0.4 0.0 0.2 0.5 0.5 0.2 0.3 0.3 0.2
1.0 0.6 0.8 0.6 0.1 0.1 1.0 0.4 1.0 0.5 0.9 0.0 0.1 0.4 0.6 0.0 0.2 0.7 0.9 0.6 0.8 0.9 0.8 0.6 0.3
0.4 0.2 0.0 0.0 0.2 0.0 0.3 0.5 0.4 0.6 0.0 0.1 0.4 0.2 0.5 0.6 0.7 0.4 0.4 0.0 0.9 0.1 0.6 0.7 0.3
0.0 0.7 1.0 0.5 0.1 0.7 0.0 0.2 0.1 0.3 0.0 0.9 0.2 0.3 0.1 0.0 1.0 0.3 0.6 1.0 0.5 0.2 0.7 0.7 0.1
0.4 1.0 0.0 0.7 0.5 0.4 0.7 0.8 0.7 0.3 0.1 0.0 0.5 0.4 0.9 0.1 0.0 1.0 0.9 0.4 0.0 0.5 0.6 0.8 0.4
5 6
4 2 3 4 5
0.1 1.0 0.5 0.4 1.0 0.4
0.2 0.6 0.3 0.5 0.7 0.0
1.0 0.4 0.9 0.5 0.0 0.8
0.6 0.9 0.8 0.0 0.5 0.4
1.0 0.6 0.6 0.0 0.3 0.5
3 15
3 4 11 12
1.0 0.4 0.0 0.4 0.7 1.0 0.6 0.9 0.5 0.7 0.2 0.3 0.3 0.2 0.5
0.9 0.6 0.1 0.5 0.2 0.5 1.0 0.5 0.5 0.3 0.2 0.6 0.9 0.2 0.9
0.1 0.8 0.1 0.9 0.9 0.6 0.9 0.6 0.9 0.3 1.0 0.3 0.4 0.3 0.8
5 20
19 2 3 4 5 6 7 8 9 10 11 12 13 14 15 16 17 18 19
0.1 0.6 0.7 0.4 0.8 0.9 0.9 0.1 0.2 0.2 1.0 0.0 0.6 0.7 0.2 0.1 0.9 0.4 0.7 0.4
0.7 0.8 0.8 0.9 0.3 0.6 0.8 0.1 0.4 0.7 0.5 0.2 0.8 0.7 0.1 0.0 0.8 0.2 0.0 0.0
0.7 0.7 0.7 1.0 0.5 0.5 0.1 0.4 0.1 0.8 0.4 0.4 0.5 0.1 0.0 0.0 0.7 1.0 0.2 0.9
0.4 0.4 0.5 1.0 0.2 1.0 0.4 0.0 0.9 0.1 0.1 1.0 0.6 1.0 0.9 1.0 1.0 0.7 0.2 0.0
0.5 0.1 0.5 0.3 0.1 0.8 0.8 0.6 0.3 0.0 0.8 0.1 0.3 0.4 0.9 0.2 0.9 0.7 0.2 0.9
3 6
3 3 4 5
0.7 0.5 0.2 0.3 0.2 0.5
0.4 1.0 0.2 0.3 0.5 0.4
0.9 0.7 0.9 0.9 0.9 0.1
4 10
6 2 4 5 7 8 9
0.9 0.2 0.4 0.3 0.2 0.1 0.8 0.4 0.6 0.5
0.9 0.1 0.2 0.4 0.2 1.0 0.6 0.6 0.9 0.7
0.1 0.5 0.5 0.7 0.3 0.3 0.8 0.5 0.1 0.2
0.9 0.6 0.6 1.0 0.0 1.0 0.0 0.7 0.2 0.4
3 7
0
0.6 0.0 0.1 0.4 1.0 0.8 0.4
0.0 0.1 0.4 0.5 1.0 0.5 0.2
0.3 0.7 0.9 0.5 0.4 0.9 0.9
3 26
21 2 3 4 5 6 7 8 9 10 11 12 13 14 15 17 19 20 22 23 24 25
0.3 0.3 0.5 0.9 0.1 0.8 0.9 0.2 0.3 0.8 0.9 0.3 0.8 0.3 0.7 0.6 0.5 0.5 0.1 1.0 0.4 0.2 0.1 0.4 0.9 0.6
0.8 0.5 0.8 0.5 1.0 0.0 0.0 0.1 0.9 1.0 0.4 0.5 0.5 0.9 1.0 0.9 0.5 0.1 0.1 0.7 0.6 0.2 0.0 0.2 0.5 0.7
0.4 0.2 0.8 0.0 0.4 0.6 0.0 0.7 0.4 0.5 0.1 0.6 0.9 0.4 0.3 0.3 0.2 0.2 0.6 0.7 0.3 0.6 0.0 0.4 0.3 0.4
5 24
1 9
0.1 0.0 0.5 0.5 0.1 1.0 0.7 0.5 0.8 0.4 0.5 1.0 0.8 0.7 0.6 0.2 0.3 0.5 0.1 0.6 0.0 0.7 0.4 0.7
0.7 0.7 0.8 0.6 0.4 1.0 0.7 1.0 0.4 0.0 0.6 0.3 0.8 0.3 0.5 0.6 0.4 0.2 0.3 0.5 1.0 0.6 0.8 0.5
0.7 0.2 0.7 0.4 0.0 0.3 0.6 0.0 0.3 0.6 0.3 0.5 0.1 0.5 0.9 0.7 0.0 0.0 0.3 0.7 0.3 1.0 0.3 0.3
1.0 1.0 0.9 0.0 0.1 0.0 0.4 0.8 0.8 0.1 0.5 0.1 1.0 0.1 0.3 0.3 0.1 1.0 0.7 0.0 0.7 0.0 1.0 0.5
0.6 0.4 0.2 0.0 0.5 0.5 0.6 0.1 0.2 0.9 1.0 1.0 0.8 0.8 0.2 0.2 0.9 0.1 0.0 0.1 0.5 0.0 0.0 0.1
3 11
4 2 3 6 9
0.0 0.6 0.1 0.4 0.5 0.5 0.3 0.0 0.2 0.1 0.4
0.5 0.7 1.0 0.5 0.0 1.0 0.0 0.7 0.0 0.3 0.0
0.4 0.8 1.0 0.3 0.3 0.9 0.1 0.9 0.2 0.2 0.5
4 22
15 2 3 4 5 6 7 10 11 12 13 14 16 17 20 21
0.5 0.6 0.0 0.5 0.9 0.8 0.4 0.3 0.8 0.2 0.2 0.4 0.2 0.9 0.8 0.8 0.1 1.0 0.4 0.5 0.3 0.3
0.2 0.2 0.1 1.0 1.0 0.9 0.7 0.9 0.4 0.5 0.9 0.6 0.7 0.0 0.0 1.0 0.9 0.4 0.7 0.2 0.3 0.5
0.3 0.9 0.9 1.0 0.6 0.3 0.5 0.3 0.7 0.1 0.7 0.2 0.1 0.3 0.2 0.9 0.9 0.0 0.9 0.7 0.1 0.3
1.0 0.4 1.0 0.5 0.9 0.7 0.4 0.5 0.1 1.0 1.0 0.5 0.9 0.1 0.3 0.1 0.3 0.9 0.6 0.2 0.5 0.0
3 15
5 4 6 8 10 14
1.0 0.2 0.8 0.5 1.0 0.6 0.4 0.7 0.6 0.5 0.9 0.9 0.5 0.5 0.3
0.3 0.1 0.5 0.3 0.0 0.1 0.9 0.5 1.0 0.4 1.0 0.0 0.4 0.3 0.1
0.4 0.1 0.3 0.1 0.9 0.3 0.6 0.2 0.9 0.1 0.9 0.6 0.6 0.4 0.0
2 12
7 2 3 4 7 8 9 10
0.9 0.8 0.1 0.1 0.7 1.0 0.6 0.6 0.9 0.4 0.2 0.8
0.2 0.5 0.9 0.6 0.8 0.2 1.0 0.7 0.2 0.8 0.0 0.0
3 20
17 2 3 4 5 6 7 8 9 10 12 13 14 15 16 17 18 19
0.4 0.7 0.5 0.4 0.0 0.0 0.2 0.0 0.4 0.5 0.0 0.9 0.9 0.3 0.4 0.0 0.1 1.0 0.2 0.6
0.8 0.6 0.3 0.6 0.1 0.9 1.0 0.5 0.1 0.7 0.0 0.0 0.2 0.8 0.7 0.3 0.1 0.6 1.0 0.7
0.9 0.7 0.4 0.9 0.9 0.5 0.3 0.6 0.0 0.4 0.8 0.4 0.1 0.1 0.5 0.5 0.2 0.5 0.4 0.4
5 12
3 6 7 9
0.6 0.8 0.5 0.3 0.5 0.5 0.5 0.5 0.5 0.8 0.1 0.8
0.5 0.4 0.1 0.4 1.0 0.6 0.8 1.0 0.3 0.3 0.1 1.0
0.5 1.0 0.1 0.2 0.6 0.7 1.0 0.2 0.1 0.7 0.2 0.4
0.6 0.1 0.2 0.3 0.8 0.7 0.9 0.1 0.9 0.4 0.0 0.9
0.8 0.2 0.6 0.9 0.1 0.9 0.3 0.1 0.3 0.2 0.8 1.0
5 13
6 2 4 5 6 8 10
0.0 0.8 0.1 0.8 0.9 0.5 0.6 0.4 0.8 1.0 0.6 0.2 0.7
0.1 0.9 0.0 0.8 0.0 0.1 0.4 0.1 0.0 0.1 0.9 0.8 0.2
0.4 0.4 1.0 0.5 0.6 0.8 0.6 0.1 0.0 0.0 0.6 0.5 0.4
0.5 0.5 0.2 0.1 0.9 0.7 0.2 0.5 0.1 0.0 0.0 0.5 0.5
0.7 1.0 0.3 0.3 0.9 0.0 0.7 0.1 0.5 0.2 0.4 0.1 1.0
3 22
4 2 3 11 14
0.6 0.6 0.0 0.2 1.0 0.5 0.2 0.7 0.7 0.8 0.1 0.6 0.5 0.3 0.8 0.9 1.0 0.9 0.4 0.6 0.0 0.6
0.0 0.0 0.2 0.1 0.2 0.6 0.6 1.0 0.8 0.3 0.9 0.6 0.5 0.2 0.2 0.1 0.6 0.7 0.1 0.8 0.5 0.2
0.1 0.7 0.1 0.9 0.9 0.1 0.0 0.4 1.0 0.0 0.1 0.9 0.9 0.2 0.2 0.1 0.4 0.5 0.0 0.0 0.4 0.8
3 29
8 8 10 11 13 14 20 26 28
0.8 0.4 0.4 0.0 0.6 0.1 0.6 0.5 0.2 0.9 0.7 0.5 0.3 0.5 0.0 0.4 0.2 0.8 0.8 0.5 0.8 0.0 0.6 0.9 0.6 0.4 1.0 1.0 0.8
0.5 0.5 0.0 0.1 0.5 0.7 1.0 0.9 1.0 0.0 0.2 0.1 0.7 0.7 0.2 0.8 1.0 0.1 0.4 0.9 0.7 0.5 0.3 0.4 0.0 0.9 0.0 0.0 0.6
1.0 0.4 0.3 0.2 0.7 0.5 0.1 0.8 0.1 0.6 0.0 0.2 0.0 0.1 0.4 0.7 0.0 0.4 0.0 0.6 0.9 0.7 0.5 0.0 0.7 0.2 0.5 0.7 0.3
3 28
12 3 4 5 11 12 13 15 17 20 22 24 27
0.4 0.9 0.1 0.2 0.4 0.9 0.4 1.0 0.4 0.2 0.4 0.9 0.9 0.5 0.0 0.4 0.5 0.1 0.4 0.6 0.6 0.9 0.5 0.0 1.0 0.4 0.7 0.4
0.8 0.6 0.9 0.3 0.7 0.2 0.2 1.0 1.0 0.2 0.2 0.4 0.4 0.5 0.4 0.0 0.5 0.5 0.7 0.0 0.3 0.0 0.6 0.4 0.7 0.7 0.5 0.1
0.2 0.6 0.0 0.3 0.7 0.7 0.5 0.7 0.8 0.0 0.2 0.2 0.2 1.0 1.0 0.9 0.9 0.3 0.4 0.4 0.5 0.2 0.6 0.0 0.0 1.0 1.0 0.9
4 26
20 2 3 4 5 6 8 9 10 12 14 15 16 17 18 19 21 22 23 24 25
0.8 0.3 0.2 0.3 0.4 0.5 1.0 0.3 0.7 0.3 0.2 0.4 0.0 0.4 0.5 0.5 0.4 0.1 0.7 0.8 0.3 1.0 0.7 0.2 0.7 0.1
0.3 0.8 0.7 0.2 0.2 0.0 0.5 0.4 0.7 0.8 1.0 0.1 0.7 0.3 0.5 0.5 0.0 0.9 0.9 0.0 0.5 0.8 0.4 0.7 0.7 0.3
0.2 0.0 0.6 1.0 0.2 1.0 0.5 0.1 1.0 0.8 1.0 0.5 1.0 0.3 0.7 0.9 0.6 0.8 1.0 0.9 0.0 0.8 0.7 0.5 0.5 0.5
0.1 0.3 0.6 0.3 0.4 1.0 0.8 0.7 0.5 0.1 0.1 0.9 0.3 0.4 0.7 0.6 0.1 0.3 0.3 0.6 0.3 0.9 0.2 1.0 0.9 0.6
2 26
1 11
0.8 0.6 0.4 0.6 0.5 0.4 0.3 0.0 0.8 0.5 0.3 0.4 0.4 0.1 0.7 0.0 0.7 0.7 0.5 0.4 0.1 1.0 0.3 0.2 0.8 0.0
0.8 0.2 0.9 0.7 0.9 0.6 0.3 0.6 0.3 0.4 0.8 0.9 0.6 0.9 0.4 0.4 1.0 0.8 0.3 0.3 0.0 0.2 0.0 0.6 1.0 0.8
5 28
11 2 3 5 10 13 14 17 19 22 24 27
0.8 1.0 1.0 0.2 0.4 0.4 0.5 0.8 0.0 0.8 0.9 0.5 0.1 0.5 0.4 1.0 0.7 0.9 0.5 0.0 0.3 0.7 0.2 0.6 0.0 0.9 0.1 0.1
0.1 0.2 0.2 0.9 0.9 0.0 0.8 0.8 0.3 0.7 0.6 0.5 0.2 0.8 0.1 0.1 0.1 0.0 1.0 1.0 0.9 0.3 0.7 0.3 0.4 0.6 0.1 0.4
1.0 0.4 0.3 0.1 0.3 1.0 0.9 0.0 0.9 0.2 0.2 0.2 0.5 0.5 0.8 0.4 0.9 0.4 0.6 0.6 0.2 0.6 0.8 0.9 0.3 0.1 0.4 0.2
0.3 0.3 0.9 0.0 0.9 0.8 1.0 0.8 0.9 0.3 0.4 0.7 0.8 0.6 0.8 0.2 0.5 0.5 0.1 0.1 0.8 0.6 0.3 1.0 0.1 1.0 0.2 0.9
0.6 0.1 0.6 0.1 0.9 0.9 0.6 0.7 0.4 0.9 0.4 0.6 0.3 0.2 0.7 0.1 0.6 0.5 1.0 1.0 0.5 0.8 0.2 0.0 1.0 0.0 0.9 0.7
3 3
1 2
0.1 1.0 0.1
0.0 0.3 0.6
0.9 1.0 0.6
2 28
0
0.4 0.8 0.3 0.3 0.3 0.8 0.7 0.7 0.5 0.4 0.4 0.5 0.8 0.9 1.0 1.0 0.7 0.4 0.6 0.8 1.0 0.5 0.7 0.5 0.0 1.0 0.7 0.7
0.0 0.2 0.9 0.5 0.2 0.9 0.4 0.4 0.1 1.0 0.8 0.3 1.0 0.7 0.4 0.5 0.4 0.3 0.8 0.9 0.3 0.9 0.4 0.6 0.0 0.3 0.4 0.8
2 10
5 3 4 5 6 8
0.1 0.7 0.5 0.0 0.6 0.6 0.6 0.0 0.7 0.4
0.2 0.6 0.3 0.3 0.1 0.4 1.0 0.0 0.7 0.7
2 10
8 2 3 4 5 6 7 8 9
0.6 0.3 0.7 0.7 0.0 0.0 0.3 0.5 0.4 0.1
1.0 0.1 1.0 0.2 0.2 0.3 0.4 0.5 1.0 0.9
4 23
13 2 3 5 7 9 12 13 14 15 19 20 21 22
0.2 0.8 0.2 0.9 0.6 0.2 0.0 0.4 0.0 0.7 1.0 0.8 0.6 0.5 0.5 0.9 0.1 0.0 0.1 0.5 0.4 0.4 0.6
0.5 0.9 0.9 0.5 0.7 0.0 0.8 0.1 0.4 0.0 0.6 0.9 0.0 0.7 0.9 1.0 0.0 0.6 0.7 0.6 0.0 0.7 1.0
0.1 0.4 0.0 0.1 0.6 0.0 0.3 0.7 0.6 0.0 0.9 0.2 0.4 0.6 0.2 0.3 0.2 0.7 0.6 0.5 0.2 0.0 0.3
1.0 0.2 0.2 0.8 0.8 0.7 1.0 0.2 0.1 0.8 0.3 0.3 0.6 0.0 1.0 0.6 0.8 0.9 1.0 0.9 0.3 0.2 0.0
5 27
3 6 21 25
0.9 0.9 0.7 0.9 0.8 0.8 0.9 0.3 0.7 0.6 1.0 0.2 0.7 0.9 0.1 0.2 0.3 0.6 0.8 1.0 0.3 0.8 0.6 0.7 0.5 0.7 0.7
0.8 0.1 0.2 0.2 0.9 0.2 0.6 0.5 0.3 0.5 0.7 0.2 0.3 0.3 0.4 0.4 0.7 0.8 0.5 0.6 0.2 1.0 0.6 0.0 0.9 0.5 0.6
0.6 1.0 0.6 0.3 0.2 1.0 0.1 0.8 0.7 0.7 0.6 0.9 0.5 0.1 0.9 0.4 0.4 0.9 0.5 0.1 0.6 1.0 0.3 0.6 0.2 0.4 0.7
0.7 1.0 0.4 0.7 1.0 0.4 0.4 0.2 0.3 0.4 0.8 1.0 1.0 0.5 0.7 0.4 0.8 0.2 0.0 0.0 0.2 0.0 0.5 0.3 0.0 0.2 0.4
0.2 0.4 0.9 0.0 0.5 0.7 0.7 0.8 0.3 0.3 0.9 0.5 0.5 0.0 0.8 0.2 0.4 0.8 0.8 0.1 0.7 1.0 0.1 0.4 0.7 0.8 0.5
